,sim_num,train_percentage,synthetic_percentage,transform,epoch,val_losses,train_losses,val_accuracies
0,0,0.6,0.0,minimal,0,1.0218154937028885,1.0504889823496342,0.494140625
1,0,0.6,0.0,minimal,1,0.9092701822519302,0.9760944843292236,0.5595703125
2,0,0.6,0.0,minimal,2,0.8707621842622757,0.8997964346781373,0.548828125
3,0,0.6,0.0,minimal,3,0.8272673636674881,0.8449540929868817,0.599609375
4,0,0.6,0.0,minimal,4,0.7494755610823631,0.7592743681743741,0.642578125
5,0,0.6,0.0,minimal,5,0.6203118413686752,0.6465536369942129,0.74609375
6,0,0.6,0.0,minimal,6,0.4719992596656084,0.44850322883576155,0.796875
7,0,0.6,0.0,minimal,7,0.4074762091040611,0.2921996829099953,0.8388671875
8,0,0.6,0.0,minimal,8,0.48101083375513554,0.1738025060039945,0.7900390625
9,0,0.6,0.0,minimal,9,0.23999735340476036,0.12095273681916296,0.9169921875
10,0,0.6,0.1,minimal,0,0.9803204871714115,1.0372870983555913,0.5126953125
11,0,0.6,0.1,minimal,1,0.87594148889184,0.8933054348453879,0.560546875
12,0,0.6,0.1,minimal,2,0.7459426000714302,0.7809683540835977,0.6513671875
13,0,0.6,0.1,minimal,3,0.5694784130901098,0.6320080594159663,0.7548828125
14,0,0.6,0.1,minimal,4,0.4587832745164633,0.4428737214766443,0.8017578125
15,0,0.6,0.1,minimal,5,0.3519899370148778,0.3138366600032896,0.8623046875
16,0,0.6,0.1,minimal,6,0.2681042798794806,0.1839996138587594,0.8896484375
17,0,0.6,0.1,minimal,7,0.2196657177992165,0.10668123315554112,0.9296875
18,0,0.6,0.1,minimal,8,0.380037453956902,0.07298017761786468,0.8486328125
19,0,0.6,0.1,minimal,9,0.1693818385247141,0.11779072874924168,0.9453125
20,0,0.6,0.2,minimal,0,0.8757374584674835,1.0149310110136867,0.5888671875
21,0,0.6,0.2,minimal,1,0.8375784642994404,0.8665497042238712,0.6162109375
22,0,0.6,0.2,minimal,2,0.6927748247981071,0.7205528626218438,0.7265625
23,0,0.6,0.2,minimal,3,0.4678245782852173,0.4929579743184149,0.806640625
24,0,0.6,0.2,minimal,4,0.6237234491854906,0.33457379625178874,0.7392578125
25,0,0.6,0.2,minimal,5,0.35283834859728813,0.20088667701929808,0.8818359375
26,0,0.6,0.2,minimal,6,0.31768159195780754,0.11269195534987375,0.87890625
27,0,0.6,0.2,minimal,7,0.13742321892641485,0.08972871821606532,0.9599609375
28,0,0.6,0.2,minimal,8,0.23586971685290337,0.05330386424611788,0.9169921875
29,0,0.6,0.2,minimal,9,0.1288370410911739,0.03698643774987431,0.958984375
30,0,0.6,0.3,minimal,0,1.0276257582008839,1.0745123056694865,0.4951171875
31,0,0.6,0.3,minimal,1,1.0074918791651726,1.0079492246732116,0.4609375
32,0,0.6,0.3,minimal,2,0.9079055450856686,0.9360671518370509,0.5400390625
33,0,0.6,0.3,minimal,3,0.849623940885067,0.9022457906976342,0.595703125
34,0,0.6,0.3,minimal,4,0.7599710747599602,0.8032572874799371,0.642578125
35,0,0.6,0.3,minimal,5,0.7069340460002422,0.6818069526925683,0.6572265625
36,0,0.6,0.3,minimal,6,0.5302579533308744,0.4690532321110368,0.7880859375
37,0,0.6,0.3,minimal,7,0.39725954830646515,0.33517770655453205,0.8388671875
38,0,0.6,0.3,minimal,8,0.6098194345831871,0.2028549420647323,0.775390625
39,0,0.6,0.3,minimal,9,0.31031288858503103,0.1337125162826851,0.8837890625
40,0,0.6,0.4,minimal,0,0.942503422498703,1.0269543649628758,0.537109375
41,0,0.6,0.4,minimal,1,0.8778600208461285,0.9051752779632807,0.572265625
42,0,0.6,0.4,minimal,2,0.7719345539808273,0.7771267415955663,0.673828125
43,0,0.6,0.4,minimal,3,0.6439592353999615,0.5847223862074316,0.7177734375
44,0,0.6,0.4,minimal,4,0.42450437508523464,0.397972896695137,0.82421875
45,0,0.6,0.4,minimal,5,0.289675404317677,0.2438395154895261,0.8896484375
46,0,0.6,0.4,minimal,6,0.2261253665201366,0.1555617023841478,0.912109375
47,0,0.6,0.4,minimal,7,0.3191538108512759,0.07696220756042749,0.869140625
48,0,0.6,0.4,minimal,8,0.18153582699596882,0.06693431016174145,0.9345703125
49,0,0.6,0.4,minimal,9,0.13947990781161934,0.017417093644326087,0.955078125
50,0,0.7,0.0,minimal,0,1.0421462506055832,1.0434166630730033,0.5224609375
51,0,0.7,0.0,minimal,1,0.9358532018959522,0.9539659256115556,0.5302734375
52,0,0.7,0.0,minimal,2,0.9309555143117905,0.8923089681193233,0.5078125
53,0,0.7,0.0,minimal,3,0.8266108334064484,0.8052439084276557,0.6181640625
54,0,0.7,0.0,minimal,4,0.7305515184998512,0.6908938232809305,0.6552734375
55,0,0.7,0.0,minimal,5,0.6508166939020157,0.5103899808600545,0.71875
56,0,0.7,0.0,minimal,6,0.4263576716184616,0.3426409347448498,0.8212890625
57,0,0.7,0.0,minimal,7,0.32077540270984173,0.2296728886431083,0.8701171875
58,0,0.7,0.0,minimal,8,0.2751629566773772,0.12498163396958262,0.8974609375
59,0,0.7,0.0,minimal,9,0.27670566737651825,0.12008308121585287,0.892578125
60,0,0.7,0.1,minimal,0,0.9537979289889336,1.0145909721031785,0.521484375
61,0,0.7,0.1,minimal,1,0.881640899926424,0.8943252507597208,0.5859375
62,0,0.7,0.1,minimal,2,0.7785097062587738,0.7898725997656584,0.626953125
63,0,0.7,0.1,minimal,3,0.6630762293934822,0.63586680078879,0.6767578125
64,0,0.7,0.1,minimal,4,0.5610405076295137,0.4537895554676652,0.76171875
65,0,0.7,0.1,minimal,5,0.3221676405519247,0.25977800611872226,0.8857421875
66,0,0.7,0.1,minimal,6,0.2520550172775984,0.16161088680382818,0.916015625
67,0,0.7,0.1,minimal,7,0.2938383212313056,0.12255734935752116,0.8876953125
68,0,0.7,0.1,minimal,8,0.15050804521888494,0.04691410268424079,0.9482421875
69,0,0.7,0.1,minimal,9,0.16784367291256785,0.02158663607406197,0.94140625
70,0,0.7,0.2,minimal,0,1.0105293206870556,1.0473504066467285,0.5048828125
71,0,0.7,0.2,minimal,1,0.940331470221281,0.9246931597590446,0.525390625
72,0,0.7,0.2,minimal,2,0.786277998238802,0.8350071012973785,0.6279296875
73,0,0.7,0.2,minimal,3,0.651428434997797,0.6716172071173787,0.7236328125
74,0,0.7,0.2,minimal,4,0.41466914862394333,0.4278182275593281,0.8212890625
75,0,0.7,0.2,minimal,5,0.43580643087625504,0.24706367566250265,0.8310546875
76,0,0.7,0.2,minimal,6,0.3567337729036808,0.17047654697671533,0.8564453125
77,0,0.7,0.2,minimal,7,0.16779489163309336,0.07122993684606627,0.9384765625
78,0,0.7,0.2,minimal,8,0.18292700569145381,0.04121975076850504,0.9296875
79,0,0.7,0.2,minimal,9,0.15340550197288394,0.02077721849491354,0.9453125
80,0,0.7,0.3,minimal,0,1.0148071460425854,1.0676092691719532,0.51953125
81,0,0.7,0.3,minimal,1,0.9148453585803509,0.9795584054663777,0.537109375
82,0,0.7,0.3,minimal,2,0.8681346066296101,0.9069968154653907,0.5732421875
83,0,0.7,0.3,minimal,3,0.8128799796104431,0.8576227882876992,0.6064453125
84,0,0.7,0.3,minimal,4,0.8061779104173183,0.7914107087999582,0.6484375
85,0,0.7,0.3,minimal,5,0.7478848025202751,0.6830603014677763,0.6435546875
86,0,0.7,0.3,minimal,6,0.5634903479367495,0.5623411391861737,0.76953125
87,0,0.7,0.3,minimal,7,0.4982148464769125,0.4167417772114277,0.7783203125
88,0,0.7,0.3,minimal,8,0.4610223565250635,0.2955722692422569,0.7978515625
89,0,0.7,0.3,minimal,9,0.3566713547334075,0.1837451991159469,0.8759765625
90,0,0.7,0.4,minimal,0,1.0023679696023464,1.0472861425951123,0.5087890625
91,0,0.7,0.4,minimal,1,0.9367194622755051,0.9696867987513542,0.5556640625
92,0,0.7,0.4,minimal,2,0.8814884051680565,0.906330669298768,0.5859375
93,0,0.7,0.4,minimal,3,0.8466278277337551,0.8702813573181629,0.5927734375
94,0,0.7,0.4,minimal,4,0.7873548753559589,0.7936488101258874,0.6318359375
95,0,0.7,0.4,minimal,5,0.6879687383770943,0.7287724665366113,0.69921875
96,0,0.7,0.4,minimal,6,0.5630708709359169,0.5500571681186557,0.767578125
97,0,0.7,0.4,minimal,7,0.4967725705355406,0.40985120413824916,0.787109375
98,0,0.7,0.4,minimal,8,0.394409341737628,0.36009194352664053,0.8466796875
99,0,0.7,0.4,minimal,9,0.31975665781646967,0.21647624706383795,0.88671875
100,0,0.8,0.0,minimal,0,1.020996317267418,1.0729111526161432,0.5380859375
101,0,0.8,0.0,minimal,1,0.9753873497247696,1.0118132093921304,0.533203125
102,0,0.8,0.0,minimal,2,0.8718075156211853,0.9225009446963668,0.5712890625
103,0,0.8,0.0,minimal,3,0.8200494199991226,0.8563857870176435,0.6044921875
104,0,0.8,0.0,minimal,4,0.7806758284568787,0.7615256318822503,0.66015625
105,0,0.8,0.0,minimal,5,0.5970329903066158,0.6419732421636581,0.7509765625
106,0,0.8,0.0,minimal,6,0.450813515111804,0.43457545177079737,0.80859375
107,0,0.8,0.0,minimal,7,0.347273264080286,0.29953225841745734,0.8701171875
108,0,0.8,0.0,minimal,8,0.297749288380146,0.17809672269504517,0.88671875
109,0,0.8,0.0,minimal,9,0.27074066270142794,0.11236554582137614,0.9130859375
110,0,0.8,0.1,minimal,0,1.0133217461407185,1.0486604273319244,0.49609375
111,0,0.8,0.1,minimal,1,0.9227644018828869,0.9526406656950712,0.583984375
112,0,0.8,0.1,minimal,2,0.8705769889056683,0.9010788956657052,0.5849609375
113,0,0.8,0.1,minimal,3,0.7901432253420353,0.8239570911973715,0.6513671875
114,0,0.8,0.1,minimal,4,0.690018318593502,0.7027065213769674,0.6923828125
115,0,0.8,0.1,minimal,5,0.5615350678563118,0.557594015263021,0.771484375
116,0,0.8,0.1,minimal,6,0.4660293236374855,0.43987847166135907,0.8076171875
117,0,0.8,0.1,minimal,7,0.37068238109350204,0.34012270742096007,0.8642578125
118,0,0.8,0.1,minimal,8,0.589666735380888,0.2699386696331203,0.775390625
119,0,0.8,0.1,minimal,9,0.33813340589404106,0.2145190944429487,0.8623046875
120,0,0.8,0.2,minimal,0,0.9131889455020428,0.9998882208019495,0.5498046875
121,0,0.8,0.2,minimal,1,0.8304022401571274,0.889343642629683,0.6103515625
122,0,0.8,0.2,minimal,2,0.8322327099740505,0.809294855222106,0.6220703125
123,0,0.8,0.2,minimal,3,0.7396194711327553,0.7045832732692361,0.6513671875
124,0,0.8,0.2,minimal,4,0.5296793580055237,0.5601439839228988,0.7734375
125,0,0.8,0.2,minimal,5,0.4476925451308489,0.37662630481645465,0.8095703125
126,0,0.8,0.2,minimal,6,0.30242249090224504,0.2756188763305545,0.890625
127,0,0.8,0.2,minimal,7,0.23596173897385597,0.1347189493244514,0.919921875
128,0,0.8,0.2,minimal,8,0.21568407490849495,0.08133974749944173,0.9287109375
129,0,0.8,0.2,minimal,9,0.18102016067132354,0.04975911771907704,0.94140625
130,0,0.8,0.3,minimal,0,0.9848224744200706,1.0410940358415246,0.5126953125
131,0,0.8,0.3,minimal,1,0.8821121975779533,0.890746483579278,0.5654296875
132,0,0.8,0.3,minimal,2,0.8081023134291172,0.8082052627578378,0.6171875
133,0,0.8,0.3,minimal,3,0.684633731842041,0.6845967648550868,0.6826171875
134,0,0.8,0.3,minimal,4,0.5513449609279633,0.46035185270011425,0.7568359375
135,0,0.8,0.3,minimal,5,0.5583995636552572,0.31444751657545567,0.75390625
136,0,0.8,0.3,minimal,6,0.2604371476918459,0.19222483679186553,0.896484375
137,0,0.8,0.3,minimal,7,0.2596184303984046,0.14324496075278148,0.9013671875
138,0,0.8,0.3,minimal,8,0.20814623916521668,0.07602040420169942,0.9248046875
139,0,0.8,0.3,minimal,9,0.24093364644795656,0.03559575010149274,0.9130859375
140,0,0.8,0.4,minimal,0,0.9048224724829197,1.0150133343413472,0.5576171875
141,0,0.8,0.4,minimal,1,0.8346905447542667,0.8595991497859359,0.6064453125
142,0,0.8,0.4,minimal,2,0.6379718333482742,0.6935276635922492,0.734375
143,0,0.8,0.4,minimal,3,0.583382248878479,0.4640851463191211,0.7275390625
144,0,0.8,0.4,minimal,4,0.3452392192557454,0.35805014870129526,0.8564453125
145,0,0.8,0.4,minimal,5,0.23494681622833014,0.18102385941892862,0.908203125
146,0,0.8,0.4,minimal,6,0.18233037646859884,0.1067398611921817,0.92578125
147,0,0.8,0.4,minimal,7,0.18378815613687038,0.04105118401639629,0.9208984375
148,0,0.8,0.4,minimal,8,0.11449338123202324,0.019432001958193723,0.9599609375
149,0,0.8,0.4,minimal,9,0.10593264154158533,0.011090508953202516,0.96875